100
4 2
5 2
6 2
1000 1000
1000 1
579663 473981
1000000 999999
535392 457988
2 1
500000 156746
500000 1
500000 127
667629 649164
302912 234646
500000 500000
854052 825082
999999 265937
500000 249999
999999 497567
500000 131071
1000000 499998
669080 630167
3 2
999999 2
299305 264751
999999 524287
999999 499998
1000000 262144
4 1
500000 262143
749649 576609
500000 2
500000 131072
1000000 475713
711537 704050
374724 284902
1000000 475712
1000000 2
5 1
658272 508301
500000 250000
831363 765604
999999 524288
500000 250798
413735 409970
500000 237857
768891 745233
1000000 506187
976333 735622
809121 755584
1000000 524288
999999 127
719684 614619
2 2
1000000 524287
532689 527782
935841 858890
999999 262144
671751 596982
1000000 127
391839 295160
999999 1
366350 290718
999999 499999
500000 128
486343 372208
634951 581657
999999 499997
1000000 1
500000 262144
1000000 128
999999 128
743175 693291
1000000 500000
1000000 499999
999999 999999
913986 740883
891847 784352
500000 499999
500000 237856
330960 316291
999999 262143
395524 312537
737148 662916
999999 475711
3 1
1000000 262143
401632 354727
1000000 285585
690658 644434
420337 330948
548239 498567
999999 999998
500000 249998
802031 606523
801242 679522
1 1
999999 475712
892041 715303
1000000 1000000
