100
4 2
5 2
6 2
1000 1000
1000 1
500000 128
999999 498009
1000000 2
687609 658913
796840 650693
763952 709554
720354 678860
858494 753083
500000 237857
4 1
1000000 524288
1000000 524287
2 1
500000 245925
999999 499999
938828 709453
999999 475712
1000000 262144
500000 127
444384 408655
684665 604643
1000000 999999
999999 351857
490882 377567
334219 322044
3 2
999999 475711
751979 715824
606273 493465
5 1
1000000 499998
999999 499998
999999 524287
447872 338910
423083 361556
1000000 310419
926315 738266
1000000 475712
500000 1
574774 500744
999999 499997
253883 191669
1000000 262143
3 1
398549 383470
500000 262143
658817 609004
479705 402556
924756 921277
1000000 521736
999999 999999
1000000 500000
1000000 1
999999 262143
496226 386713
999999 1
630316 503933
711667 598081
337699 258367
500000 131071
1000000 128
282868 227384
999999 524288
500000 250000
500000 237856
897477 896969
1000000 127
392413 327975
500000 500000
500000 189693
850668 732451
999999 2
999999 127
850798 749906
999999 128
999999 262144
500000 131072
1000000 499999
759459 676783
2 2
756811 740483
720216 615825
500000 249998
999999 999998
1000000 1000000
1000000 475713
765602 734713
816717 690619
500000 2
500000 249999
984056 920712
500000 499999
500000 262144
1 1
954095 948221
