100
4 2
5 2
6 2
1000 1000
1000 1
500 248
947 892
3 2
999 497
500 1
1000 488
999 998
706 671
684 668
500 250
1000 489
1000 500
1000 506
760 674
352 317
1000 256
545 512
999 498
2 2
500 103
500 116
1000 999
999 999
999 487
266 223
999 1
563 431
781 673
394 334
572 452
254 247
999 507
4 1
999 511
999 512
999 256
999 499
878 853
999 127
2 1
663 544
910 682
404 333
434 407
481 400
999 255
500 500
630 622
369 314
861 651
280 258
545 412
377 333
500 236
1000 255
500 255
396 331
630 476
1000 499
500 249
620 556
275 226
1000 127
999 411
640 587
500 499
1000 498
500 128
612 597
999 2
1000 511
1000 128
500 117
828 665
500 247
3 1
500 245
512 411
1000 2
1000 512
999 488
500 2
1000 478
576 447
999 128
876 698
980 962
5 1
890 869
500 256
1 1
500 127
500 244
478 468
691 584
