100
4 2
5 2
6 2
1000 1000
1000 1
409982 395400
826117 652733
999999 127
929005 887010
919007 867280
537265 471308
1000000 475712
999999 999999
5 1
999999 999998
251709 210900
704002 529155
476496 409422
3 2
999999 475711
1000000 499998
690604 570766
1000000 262143
500000 499999
563177 457215
464766 446290
413501 354770
500000 500000
931332 770614
1000000 524287
273549 240914
662354 651365
1000000 500000
500000 131072
500000 127
853734 676600
468244 374149
947885 759943
999999 405055
659356 500192
999999 1
999999 515435
4 1
765540 710278
1000000 524288
1000000 465676
502882 426876
500000 249998
1000000 262144
1 1
500000 262144
1000000 513016
546277 479323
1000000 127
999999 499997
999999 524288
3 1
500000 249999
500000 131071
371981 356942
500000 237857
513294 402506
814889 731663
999999 128
1000000 128
999999 475712
1000000 999999
999999 262144
500000 237856
999999 524287
999999 499999
2 1
500000 1
500000 262143
1000000 499999
999999 499998
932806 842086
917040 912057
755074 733243
523228 468457
500000 250000
999999 262143
1000000 1000000
273709 208047
1000000 475713
590533 471390
500000 240423
1000000 2
332864 251520
1000000 1
393112 333733
999999 2
940856 866384
963833 839732
500000 2
2 2
500000 128
811064 720449
500000 230085
823074 719360
